001000040000000000000000013580000000000306241137440000000008000000005000000000168000
001000020000000000000000126080000000000307094836210000000028710000005000000000602910
001000030000000000000003058180000000000307082103110000000000570000005000000000011970
001000050000000000000001598380000000000307080177590000000013063800005000000000274340
001000010000000000000604445380000000000111111111110000000001620590003000000000000000
001000040000000000000000013780000000000306241137440000000006800000005000000000142800
001000010000000000000003769880000000000202816865430000000001127590005000000000023680
001000080000000000000004098180000000000305408738320000000000272730005000000000005727
001000010000000000000003774380000000000202816865430000000000752070005000000000015793
001000040000000000000001606580000000000305859488170000000055547050005000000001166488
001000010000000000000014031680000000000033333333330000000003451990003000000000000000
003000020000000000000000002380000000000305401747800000000002800000005000000000058800
001001060000000000000112844680000000000307095650730000000000365250006000000000009862
001000020000000000000002418680000000000307097204450000000001345050005000000000028245
001074070000000000001372338480000000000306394537380000000000259040005000000000005440
001074070000000000001372338480000000000306394537380000000000582290006000000000015722
003000040000000000000000249180000000000305859488170000000001046150005000000000021969
002000040000000000000000158080000000000305859488170000000001046140005000000000021969
001000010000000000000068639080000000000111111111110000000001296970003000000000000000
001000010000000000000004138780000000000307084849770000000003101550005000000000065133
001000050000000000000001608480000000000307080177590000000025158000005000000000528318
001000030000000000000001693380000000000202616800930000000000503200005000000000010567
001000010000000000001503201680000000000305000066130000000000030000005000000000000630
003000040000000000000000249980000000000305859488170000000000530370005000000000011138
001074040000000000001388392180000000000306394537380000000000021280005000000000000447
001074040000000000001388392180000000000306394537380000000000694700006000000000018757
001000020000000000000000129880000000000305401747800000000006000000005000000000126000
001000030000000000000000013480000000000270668998830000000025000000005000000000525000
001000080000000000000004323180000000000305408738320000000000218180005000000000004582
001000030000000000000000230680000000000307113270330000000007364000005000000000154644
001000020000000000000000127980000000000307094836210000000012480000005000000000262080
002000030000000000000000031780000000000307113270330000000000605710005000000000012720
001000020000000000000000019680000000000271323735290000000002500000005000000000052500
001000030000000000000000092180000000000307109419780000000002000000005000000000042000
001000020000000000000000238680000000000305977723230000000010170000005000000000213569
001000080000000000000004203980000000000305408738320000000000218180005000000000004582
001000020000000000000000123480000000000305401747800000000016800000005000000000352800
001000050000000000000000107880000000000270465669850000000000415000005000000000008715
