00100009000000000000000003230000000007208000005000000000151368
00100009000000000000000003240000000022878000005000000000480438
00100009000000000000000003260000000008280500005000000000173891
00100009000000000000000003270000000070552800005000000001481609
00200009000000000000000000090000000010279600003000000000000000
00200009000000000000000000100000000000050980005000000000001071
00600009000000000000000001300000000000964960005000000000020264
00100009000000000000000003300000000038400000005000000000806400
00100009000000000000000003310000000000231250005000000000004856
00100009000000000000000003320000000003999000005000000000083979
00600009000000000000000001290000000000471150005000000000009894
00100009000000000000000003280000000006318610005000000000132691
00100009000000000000000003290000000005504400005000000000115592
00600009000000000000000001320000000001717400005000000000036065
00600009000000000000000001330000000000688150005000000000014451
00100009000000000000000003330000000004373300005000000000091839
00100009000000000000000003340000000006733200005000000000141397
00100009000000000000000003350000000002484000005000000000052164
00100009000000000000000003360000000006604950005000000000138704
00100009000000000000000003370000000001619750005000000000034015
00100009000000000000000003380000000002001000005000000000042021
00100009000000000000000003390000000002458500005000000000051629
00100009000000000000000003250000000002313210005000000000048578
00100009000000000000000003400000000000480030005000000000010081
00600009000000000000000001370000000000048580005000000000001019
00100009000000000000000003440000000001746000005000000000036666
00100009000000000000000003470000000019715520005000000000414026
00600009000000000000000001310000000000159550005000000000003350
00600009000000000000000001360000000000033590005000000000000705
00100009000000000000000003460000000002675110005000000000056177
00100009000000000000000003500000000008200000005000000000172200
00100009000000000000000003510000000002828200005000000000059391
00600009000000000000000001380000000006030700005000000000126645
00100009000000000000000003480000000016931520005000000000355562
00100009000000000000000003520000000001367100005000000000028708
00100009000000000000000003540000000007161110005000000000150383
00300009000000000000000000300000000000340000005000000000007141
00100009000000000000000003590000000003517800005000000000073874
00100009000000000000000003600000000002185000005000000000045885
00600009000000000000000001340000000000036790005000000000000773
00100009000000000000000003550000000007186850005000000000150924
00100009000000000000000003560000000073670700005000000001547085
00100009000000000000000003610000000003802400005000000000079850
00600009000000000000000001390000000001144880005000000000024042
00100009000000000000000003620000000001907200005000000000040051
00600009000000000000000001400000000001044300005000000000021930
00600009000000000000000001410000000000055200005000000000001159
00600009000000000000000001350000000003322640005000000000069776
00100009000000000000000003410000000003364450005000000000070653
00600009000000000000000001420000000008242080005000000000173084
00100009000000000000000003630000000002089210005000000000043873
00100009000000000000000003420000000023040000005000000000483839
00100009000000000000000003430000000007103800005000000000149180
00300009000000000000000000290000000000660000005000000000013860
00100009000000000000000003490000000000351830005000000000007388
00100009000000000000000003450000000003148750005000000000066124
00100009000000000000000003530000000002882500005000000000060533
00100009000000000000000003570000000053219200005000000001117603
00300009000000000000000000310000000003060000005000000000064260
00100009000000000000000003580000000001392840005000000000029250
